image_id,
_110603108_gettyimages-533567012_cropped.jpg,
_112241107_facemask_cropped_cropped.jpg,
0_Commonwealth-Day-2020_cropped.jpg,
0_Coronavirus_cropped.jpg,
0_JS221869431_cropped.jpg,
0_virus-4898571_1920-1_cropped.jpg,
0a519799-6591-43fe-9f75-f938468cacee_cropped.jpg,
0cloth.jpg,
0faces.png,
0n95_valve.jpg,
0n95.jpg,
1_193ZFJMgCPs5tXQ5Q207Kw_cropped.jpg,
1faces.jpg,
1n95_valve.jpg,
1n95.jpg,
2faces.jpg,
2n95_valve.jpg,
2n95.jpeg,
2n95.jpg,
3_8_2021-Masks-for-PWD_cropped.jpg,
3-Layer-Face-Mask-Female-Wearing--base_cropped.jpg,
3-ply-procedural-face-mask_cropped.jpg,
3cloth.jpg,
0004_cropped.jpg,
4n95_valve.jpg,
4n95.jpg,
5cloth.jpg,
5e46efbf2dae5c408f2b2599_cropped.jpg,
5e58338efee23d3fdc248069_width=1200&format_cropped.jpg,
6n95_valve.jpg,
6n95.jpg,
7cloth.jpg,
7n95_valve.jpg,
7n95.jpg,
8cloth.jpg,
8FFA4_AW47_cropped.jpg,
8n95_valve.jpg,
8n95.jpg,
9cloth.jpg,
9n95_valve.jpg,
9n95.jpg,
10cloth.jpg,
10cloth.png,
10faces.jpg,
10n95_valve.jpg,
10n95.jpg,
11faces.jpg,
11n95_valve.jpg,
11n95.jpg,
12cloth.jpg,
12faces.jpg,
12n95_valve.jpg,
12n95.jpg,
13cloth.jpg,
13faces.jpg,
13n95_valve.jpg,
13n95.jpg,
14cloth.jpg,
14cloth.png,
14faces.jpg,
14n95_valve.jpeg,
14n95_valve.jpg,
14n95.jpeg,
14n95.jpg,
15cloth.jpg,
15faces.jpg,
15n95_valve.jpg,
15n95.jpg,
16_1R3A6628_cropped.jpg,
16cloth.jpeg,
16cloth.jpg,
16faces.jpg,
16n95_valve.jpg,
16n95.jpg,
17cloth.jpg,
17faces.jpg,
17n95_valve.jpg,
17n95.jpg,
18cloth.jpg,
18faces.jpg,
18n95_valve.jpg,
18n95.jpg,
18n95.png,
19-905-SKU_Image2_cropped.jpg,
19cloth.png,
19faces.jpg,
19n95_valve.jpg,
19n95.jpg,
19n95.png,
20cloth.jpg,
20faces.jpg,
20n95.png,
21faces.jpg,
21n95_valve.jpg,
21n95.jpg,
21n95.png,
22cloth.jpg,
22cloth.png,
22faces.jpg,
22n95_valve.jpg,
22n95.jpg,
22n95.png,
23cloth.jpg,
23faces.jpg,
23n95.jpg,
23n95.png,
24cloth.jpg,
24faces.jpg,
24n95.png,
25cloth.jpg,
25faces.jpg,
25n95_valve.jpg,
25n95.jpg,
25n95.png,
26cloth.jpg,
26faces.jpg,
26n95_valve.jpeg,
26n95.jpeg,
26n95.png,
0027_cropped.jpg,
27cloth.jpeg,
27faces.jpg,
27n95.jpg,
27n95.png,
28cloth.jpg,
28cloth.png,
28faces.jpg,
0029_cropped.jpg,
29cloth.png,
29DZ45_AA01_cropped.jpg,
29faces.jpg,
29n95_valve.jpg,
29n95.jpg,
29n95.png,
30cloth.jpg,
30n95_valve.png,
30n95.png,
31faces.jpg,
31Fznj961hL._AC_UL600_SR600_600__cropped.jpg,
31n95.png,
32faces.jpg,
32n95.png,
33cloth.jpg,
33cloth.png,
33faces.jpg,
33n95.jpg,
34cloth.jpg,
34cloth.png,
34faces.jpg,
34n95.png,
35faces.jpg,
35n95.png,
36cloth.png,
36faces.jpg,
36n95.png,
37cloth.jpg,
37n95.png,
38cloth.jpg,
38n95.png,
39cloth.jpg,
39n95.png,
40cloth.jpg,
41n95.png,
42cloth.jpg,
42n95.png,
43n95_valve.png,
43n95.png,
44cloth.jpg,
44cloth.png,
44n95_valve.jpg,
44n95.jpg,
45n95.png,
46n95_valve.png,
46n95.png,
47n95_valve.jpg,
47n95_valve.png,
47n95.jpg,
47n95.png,
48cloth.jpg,
48n95_valve.png,
48n95.png,
49n95.png,
50cloth.jpg,
50n95_valve.png,
50n95.png,
51h1VDLwnHL._SX342__cropped.jpg,
51n95_valve.png,
51n95.png,
51O8dKOZ5xL._SL1000__cropped.jpg,
52n95_valve.jpg,
52n95_valve.png,
52n95.jpg,
52n95.png,
53n95_valve.png,
53n95.png,
54cloth.jpg,
54n95_valve.png,
54n95.png,
0055_cropped.jpg,
56cloth.jpg,
56n95_valve.png,
56n95.png,
57n95_valve.png,
57n95.png,
0058_cropped.jpg,
58n95_valve.png,
58n95.png,
59cloth.jpg,
59n95_valve.png,
59n95.png,
60cloth.jpg,
61cloth.jpg,
61n95_valve.png,
61n95.png,
62cloth.jpg,
62faces.jpg,
62n95.png,
63n95_valve.png,
63n95.png,
64n95_valve.png,
64n95.png,
65be4028-696e-45a8-82d4-aa03a9ccdd7e_530x_cropped.jpg,
65cloth.jpg,
65n95_valve.png,
65n95.png,
66cloth.png,
67cloth.jpg,
67n95_valve.jpg,
67n95_valve.png,
67n95.jpg,
67n95.png,
68n95_valve.jpg,
68n95_valve.png,
68n95.jpg,
68n95.png,
69cloth.jpg,
69n95_valve.png,
69n95.png,
70n95_valve.jpg,
70n95_valve.png,
70n95.jpg,
70n95.png,
0071_cropped.jpg,
71cloth.jpg,
71n95_valve.jpg,
71n95_valve.png,
71n95.jpg,
71n95.png,
0072_cropped.jpg,
72n95_valve.jpg,
72n95_valve.png,
72n95.jpg,
72n95.png,
73n95_valve.jpg,
73n95_valve.png,
73n95.jpg,
73n95.png,
74n95_valve.png,
74n95.png,
75cloth.jpg,
75n95_valve.jpg,
75n95_valve.png,
75n95.jpg,
75n95.png,
76n95_valve.png,
76n95.png,
78n95_valve.jpg,
78n95_valve.png,
78n95.jpg,
78n95.png,
79n95_valve.jpg,
79n95_valve.png,
79n95.jpg,
79n95.png,
80n95_valve.png,
80n95.png,
81cloth.jpg,
81n95_valve.jpg,
81n95_valve.png,
81n95.jpg,
81n95.png,
82cloth.jpg,
82n95_valve.png,
82n95.jpg,
82n95.png,
83n95_valve.png,
83n95.png,
84cloth.jpg,
84n95_valve.png,
84n95.png,
85n95_valve.png,
85n95.png,
86cloth.jpg,
86n95.png,
87cloth.jpg,
87n95_valve.png,
87n95.png,
88cloth.jpg,
89cloth.jpeg,
89cloth.jpg,
89n95_valve.png,
89n95.png,
90cloth.jpeg,
0091_cropped.jpg,
91n95_valve.png,
91n95.png,
92cloth.jpg,
92n95_valve.png,
92n95.png,
93cloth.jpg,
93n95_valve.png,
93n95.png,
0094_cropped.jpg,
94cloth.jpg,
94n95_valve.png,
94n95.png,
95n95_valve.png,
95n95.png,
96cloth.jpeg,
96n95.png,
97cloth.jpg,
97n95_valve.png,
97n95.png,
98cloth.jpg,
98n95_valve.png,
98n95.png,
0100_cropped.jpg,
100cloth.jpg,
100faces.jpg,
100n95_valve.jpg,
100n95_valve.png,
100n95.jpg,
100n95.png,
101cloth.jpg,
101faces.jpg,
101n95_valve.jpg,
101n95_valve.png,
101n95.jpg,
101n95.png,
102cloth.jpg,
102cloth.png,
102faces.jpg,
102n95_valve.jpg,
102n95_valve.png,
102n95.jpg,
102n95.png,
103cloth.jpg,
103faces.jpg,
103n95_valve.png,
103n95.jpg,
103n95.png,
104cloth.jpg,
104faces.jpg,
104n95_valve.jpg,
104n95_valve.png,
104n95.jpg,
104n95.png,
105cloth.jpg,
105faces.jpg,
105n95_valve.png,
105n95.png,
0106_cropped.jpg,
106cloth.jpg,
106faces.jpg,
106n95_valve.png,
106n95.jpg,
106n95.png,
107cloth.jpg,
107faces.jpg,
107n95_valve.png,
107n95.jpg,
107n95.png,
108cloth.jpg,
108faces.jpg,
108n95_valve.png,
108n95.jpg,
108n95.png,
109cloth.jpg,
109faces.jpg,
109n95_valve.jpg,
109n95_valve.png,
109n95.jpg,
109n95.png,
110cloth.jpg,
110faces.jpg,
110n95_valve.jpg,
110n95.jpg,
111cloth.jpg,
111faces.jpg,
111n95_valve.jpg,
111n95.jpg,
112cloth.jpg,
112faces.jpg,
112n95_valve.png,
112n95.jpg,
112n95.png,
113cloth.jpg,
113faces.jpg,
113n95_valve.jpg,
113n95_valve.png,
113n95.jpg,
113n95.png,
114_1R3A6630_cropped.jpg,
114cloth.jpg,
114faces.jpg,
114n95_valve.jpg,
114n95_valve.png,
114n95.jpg,
114n95.png,
115cloth.jpg,
115faces.jpg,
115n95_valve.jpg,
115n95_valve.png,
115n95.jpg,
115n95.png,
116cloth.jpg,
116faces.jpg,
116n95_valve.jpg,
116n95_valve.png,
116n95.jpg,
116n95.png,
117cloth.png,
117faces.jpg,
117n95_valve.jpg,
117n95.jpg,
117n95.png,
118cloth.jpg,
118faces.jpg,
118n95_valve.jpg,
118n95.jpg,
118n95.png,
0119_cropped.jpg,
119cloth.jpg,
119faces.jpg,
119n95_valve.jpeg,
119n95_valve.jpg,
119n95.jpeg,
119n95.jpg,
119n95.png,
120cloth.jpg,
120faces.jpg,
120n95_valve.jpg,
120n95_valve.png,
120n95.jpg,
120n95.png,
121cloth.jpg,
121faces.jpg,
121n95_valve.jpg,
121n95.jpg,
121n95.png,
122cloth.jpg,
122faces.jpg,
122n95_valve.jpg,
122n95.jpg,
123cloth.jpg,
123faces.jpg,
123n95_valve.jpg,
123n95.jpg,
123n95.png,
0124_cropped.jpg,
124cloth.jpg,
124faces.jpg,
124n95_valve.jpg,
124n95.jpg,
124n95.png,
125cloth.jpg,
125faces.jpg,
125n95_valve.jpg,
125n95.jpg,
125n95.png,
126cloth.jpg,
126faces.jpg,
126n95_valve.jpg,
126n95.jpg,
126n95.png,
0127_cropped.jpg,
127cloth.jpg,
127faces.jpg,
127n95_valve.jpg,
127n95.jpg,
127n95.png,
128cloth.jpg,
128faces.jpg,
128n95_valve.jpg,
128n95.jpg,
128n95.png,
129cloth.jpeg,
129cloth.jpg,
129faces.jpg,
129n95_valve.jpg,
129n95.jpg,
129n95.png,
130cloth.jpg,
130faces.jpg,
130n95_valve.jpg,
130n95.jpg,
130n95.png,
131cloth.jpeg,
131cloth.jpg,
131faces.jpg,
131n95_valve.jpg,
131n95.jpg,
131n95.png,
132cloth.jpeg,
132faces.jpg,
132n95_valve.jpg,
132n95.jpg,
132n95.png,
133cloth.jpg,
133faces.jpg,
133n95_valve.jpg,
133n95.jpg,
134cloth.jpeg,
134faces.jpg,
134n95_valve.jpeg,
134n95_valve.jpg,
134n95.jpeg,
134n95.jpg,
135cloth.jpeg,
135faces.jpg,
135n95_valve.jpg,
135n95.jpg,
136cloth.jpeg,
136cloth.jpg,
136faces.jpg,
136n95_valve.jpg,
136n95.jpg,
136n95.png,
137cloth.jpeg,
137cloth.jpg,
137faces.jpg,
137n95_valve.jpeg,
137n95_valve.jpg,
137n95.jpeg,
137n95.jpg,
137n95.png,
138cloth.jpg,
138faces.jpg,
138n95_valve.jpg,
138n95.jpg,
138n95.png,
139cloth.jpeg,
139cloth.jpg,
139faces.jpg,
139n95_valve.jpeg,
139n95.jpeg,
139n95.png,
140cloth.jpg,
140faces.jpg,
140n95_valve.jpeg,
140n95_valve.jpg,
140n95.jpeg,
140n95.jpg,
140n95.png,
141cloth.jpg,
141faces.jpg,
141n95_valve.jpg,
141n95.jpg,
141n95.png,
142cloth.jpg,
142faces.jpg,
142n95_valve.jpg,
142n95.jpg,
143cloth.jpg,
143faces.jpg,
143n95_valve.jpg,
143n95.jpg,
144cloth.jpg,
144faces.jpg,
144n95_valve.jpg,
144n95.jpg,
145cloth.jpg,
145faces.jpg,
145n95_valve.jpg,
145n95.jpg,
146cloth.jpg,
146faces.jpg,
146n95_valve.jpg,
146n95.jpg,
147cloth.jpg,
147faces.jpg,
147faces.png,
147n95_valve.png,
147n95.jpg,
147n95.png,
148cloth.jpg,
148faces.jpg,
148faces.png,
148n95_valve.jpg,
148n95.jpg,
149cloth.jpg,
149faces.jpg,
149n95_valve.jpg,
149n95.jpg,
0150_cropped.jpg,
150cloth.jpeg,
150faces.jpg,
150n95_valve.jpg,
150n95.jpg,
151cloth.jpg,
151faces.jpg,
151faces.png,
151n95_valve.jpg,
151n95.jpg,
151n95.png,
152cloth.jpg,
152cloth.png,
152faces.jpg,
152n95_valve.jpeg,
152n95.jpeg,
152n95.jpg,
0153_cropped.jpg,
153cloth.jpg,
153faces.jpg,
153n95 2.jpg,
153n95.jpg,
154cloth.jpg,
154faces.jpg,
154faces.png,
154n95_valve.jpg,
154n95_valve.png,
154n95.jpg,
154n95.png,
155cloth.png,
155faces.jpg,
155n95_valve.jpg,
155n95.jpg,
156cloth.jpg,
156faces.jpg,
156n95_valve.jpg,
156n95.jpg,
157cloth.jpg,
157faces.jpg,
157n95_valve.jpg,
157n95.jpg,
0158_cropped.jpg,
158cloth.jpg,
158faces.jpg,
158n95_valve.jpg,
158n95.jpg,
159cloth.jpg,
159faces.jpg,
159n95 2.gif,
159n95.gif,
159n95.jpg,
0160_cropped.jpg,
160cloth.jpg,
160cloth.png,
160faces.jpg,
160n95_valve.jpg,
160n95.jpg,
160n95.png,
0161_cropped.jpg,
161cloth.jpeg,
161cloth.jpg,
161faces.jpg,
161n95_valve.jpg,
161n95.jpg,
162cloth.jpg,
162faces.jpg,
162n95_valve.jpeg,
162n95.jpeg,
163cloth.jpg,
163faces.jpg,
163n95_valve.jpg,
163n95.jpg,
0164_cropped.jpg,
164cloth.jpeg,
164cloth.jpg,
164faces.jpg,
164n95_valve.jpg,
164n95.jpg,
165cloth.jpg,
165faces.jpg,
165n95_valve.jpg,
165n95.jpeg,
165n95.jpg,
166cloth.jpg,
166cloth.png,
166faces.jpg,
166n95_valve.jpg,
166n95.jpg,
167cloth.jpg,
167faces.jpg,
167n95_valve.jpg,
167n95.jpg,
168cloth.jpeg,
168cloth.jpg,
168faces.jpg,
168n95_valve.jpg,
168n95.jpg,
169cloth.jpg,
169faces.jpg,
169n95_valve.jpeg,
169n95.jpeg,
0170_cropped.jpg,
170cloth.jpg,
170cloth.png,
170faces.jpg,
170n95_valve.jpeg,
170n95.jpeg,
170n95.jpg,
171cloth.jpg,
171faces.jpg,
171n95_valve.jpeg,
171n95.jpeg,
171n95.jpg,
172cloth.jpg,
172faces.jpg,
172n95_valve.jpg,
172n95.jpg,
173cloth.jpg,
173faces.jpg,
173n95_valve.jpg,
173n95.jpg,
174cloth.jpg,
174faces.jpg,
174n95_valve.jpg,
174n95.jpg,
175cloth.jpg,
175faces.jpg,
175n95_valve.jpg,
175n95.jpg,
175n95.png,
176cloth.jpg,
176faces.jpg,
176n95_valve.png,
176n95.jpg,
176n95.png,
177cloth.jpg,
177faces.jpg,
177n95_valve.jpeg,
177n95.jpeg,
177n95.jpg,
178cloth.jpg,
178faces.jpg,
178n95_valve.jpg,
178n95.jpeg,
178n95.jpg,
179cloth.jpg,
179faces.jpg,
179n95_valve.jpg,
179n95.jpg,
180cloth.jpg,
180faces.jpg,
180n95_valve.jpeg,
180n95.jpeg,
180n95.jpg,
181cloth.jpg,
181faces.jpg,
181n95_valve.jpg,
181n95.jpg,
181n95.png,
182cloth.jpg,
182faces.jpg,
182n95_valve.jpg,
182n95.jpeg,
182n95.jpg,
0183_cropped.jpg,
183cloth.jpg,
183faces.jpg,
183n95_valve.jpg,
183n95.jpg,
184cloth.jpg,
184faces.jpg,
184n95_valve.jpg,
184n95.jpg,
185cloth.jpg,
185faces.jpg,
185n95_valve.jpg,
185n95.jpg,
186cloth.jpg,
186cloth.png,
186faces.jpg,
186n95 2.jpg,
186n95.jpg,
187cloth.jpg,
187faces.jpg,
187n95_valve.jpg,
187n95.jpg,
188cloth.jpg,
188faces.jpg,
188n95_valve.jpg,
188n95.jpg,
189cloth.jpg,
189faces.jpg,
189n95_valve.jpg,
189n95.jpeg,
189n95.jpg,
190cloth.jpg,
190faces.jpg,
190n95_valve.jpg,
190n95.jpg,
190n95.png,
191cloth.jpg,
191faces.jpg,
191n95_valve.png,
191n95.jpg,
191n95.png,
192cloth.jpg,
192faces.jpg,
192n95_valve.png,
192n95.jpg,
192n95.png,
193cloth.jpg,
193faces.jpg,
193n95_valve.png,
193n95.jpg,
193n95.png,
0194_cropped.jpg,
194cloth.jpg,
194faces.jpg,
194n95_valve.jpg,
194n95.jpg,
0195_cropped.jpg,
195cloth.jpg,
195faces.jpg,
195n95_valve.png,
195n95.jpg,
195n95.png,
196cloth.jpg,
196faces.jpg,
196n95_valve.png,
196n95.jpg,
196n95.png,
197cloth.jpg,
197faces.jpg,
197faces.png,
197n95_valve.jpg,
197n95.jpg,
198cloth.jpg,
198faces.jpg,
198n95_valve.png,
198n95.jpeg,
198n95.png,
0199_cropped.jpg,
199cloth.jpg,
199faces.jpg,
199n95_valve.jpg,
199n95.jpg,
200cloth.jpg,
200faces.jpg,
200n95_valve.jpg,
200n95.jpg,
0201_cropped.jpg,
201cloth.jpg,
201faces.jpg,
201n95_valve.jpg,
201n95.jpg,
202cloth.jpg,
202faces.jpg,
202faces.png,
202n95_valve.jpeg,
202n95.jpeg,
202n95.jpg,
203cloth.jpg,
203faces.jpg,
203n95_valve.jpg,
203n95.jpg,
204cloth.jpeg,
204cloth.jpg,
204faces.jpg,
204n95_valve.jpeg,
204n95.jpeg,
204n95.jpg,
0205_cropped.jpg,
205cloth.jpg,
205faces.jpg,
205n95_valve.jpg,
205n95.jpg,
206cloth.jpeg,
206cloth.jpg,
206faces.jpg,
206n95_valve.jpg,
206n95.jpg,
207cloth.jpeg,
207cloth.jpg,
207faces.jpg,
207n95_valve.jpg,
207n95.jpg,
208cloth.jpeg,
208faces.jpg,
208n95_valve.jpeg,
208n95.jpeg,
208n95.jpg,
209cloth.jpg,
209faces.jpg,
209n95_valve.jpg,
209n95.jpg,
209n95.png,
210cloth.jpg,
210faces.jpg,
210n95_valve.jpg,
210n95.jpg,
210n95.png,
0211_cropped.jpg,
211cloth.jpg,
211faces.jpg,
211n95_valve.jpg,
211n95.jpg,
211n95.png,
212cloth.jpg,
212faces.jpg,
212n95_valve.jpg,
212n95.jpg,
212n95.png,
0213_cropped.jpg,
213cloth.jpg,
213faces.jpg,
213n95_valve.jpg,
213n95.jpg,
214cloth.jpg,
214faces.jpg,
214n95_valve.jpg,
214n95.jpg,
215cloth.jpg,
215faces.jpg,
215n95_valve.jpg,
215n95.jpg,
216cloth.jpg,
216faces.jpg,
216n95_valve.jpeg,
216n95_valve.jpg,
216n95.jpeg,
216n95.jpg,
217cloth.png,
217faces.jpg,
217n95_valve.jpeg,
217n95_valve.jpg,
217n95.jpeg,
217n95.jpg,
218cloth.jpeg,
218faces.jpg,
218n95_valve.jpg,
218n95.jpg,
219cloth.jpg,
219faces.jpg,
219n95_valve.jpg,
219n95.jpg,
220cloth.jpg,
220faces.jpg,
220n95_valve.jpg,
220n95.jpeg,
220n95.jpg,
221cloth.jpg,
221faces.jpg,
221n95_valve.jpg,
221n95.jpg,
222cloth.jpg,
222faces.jpg,
222n95_valve.jpg,
222n95.jpg,
222n95.png,
223cloth.jpg,
223faces.jpg,
223n95_valve.png,
223n95.jpg,
223n95.png,
224cloth.jpg,
224faces.jpg,
224n95_valve.jpg,
224n95.jpeg,
224n95.jpg,
225cloth.jpg,
225faces.jpg,
225n95_valve.jpg,
225n95.jpeg,
225n95.jpg,
226cloth.jpeg,
226cloth.jpg,
226faces.jpg,
226n95_valve.jpg,
226n95.jpeg,
226n95.jpg,
227cloth.jpg,
227faces.jpg,
227n95_valve.jpg,
227n95.jpg,
227n95.png,
228cloth.jpeg,
228cloth.jpg,
228faces.jpg,
228n95_valve.jpg,
228n95.jpg,
229cloth.jpg,
229faces.jpg,
229faces.png,
229n95_valve.jpg,
229n95.jpeg,
229n95.jpg,
230cloth.jpg,
230faces.jpg,
230faces.png,
230n95_valve.jpg,
230n95.jpg,
231cloth.jpg,
231faces.jpg,
231faces.png,
231n95_valve.jpg,
231n95.jpg,
232cloth.jpeg,
232cloth.jpg,
232faces.png,
232n95_valve.jpeg,
232n95.jpeg,
232n95.jpg,
233cloth.jpg,
233faces.jpg,
233n95_valve.jpg,
233n95.jpg,
0234_cropped.jpg,
234cloth.jpg,
234faces.jpg,
234faces.png,
234n95_valve.jpg,
234n95.jpeg,
234n95.jpg,
235cloth.jpg,
235faces.jpg,
235faces.png,
235n95_valve.jpeg,
235n95.jpeg,
235n95.jpg,
236cloth.jpg,
236faces.png,
236n95_valve.jpg,
236n95.jpg,
237cloth.jpg,
237faces.jpg,
237faces.png,
237n95_valve.jpg,
237n95.jpg,
238cloth.jpg,
238faces.jpg,
238faces.png,
238n95_valve.jpg,
238n95.jpg,
239cloth.jpg,
239faces.png,
239n95_valve.jpg,
239n95.jpeg,
239n95.jpg,
0240_cropped.jpg,
240cloth.jpg,
240faces.jpg,
240faces.png,
240n95_valve.jpeg,
240n95_valve.jpg,
240n95.jpeg,
240n95.jpg,
0241_cropped.jpg,
241cloth.jpeg,
241cloth.jpg,
241faces.jpg,
241faces.png,
241n95_valve.jpg,
241n95.jpg,
242cloth.jpg,
242faces.jpg,
242faces.png,
242n95_valve.jpg,
242n95.jpg,
242n95.png,
243cloth.jpg,
243faces.jpg,
243faces.png,
243n95_valve.jpg,
243n95.jpg,
243n95.png,
244cloth.jpg,
244faces.jpg,
244n95_valve.jpg,
244n95.jpg,
245cloth.jpg,
245faces.jpg,
245faces.png,
245n95 2.gif,
245n95.gif,
245n95.jpg,
0246_cropped.jpg,
246cloth.jpg,
246faces.jpg,
246faces.png,
246n95_valve.jpg,
246n95.jpg,
246n95.png,
247cloth.jpg,
247faces.jpg,
247faces.png,
247n95_valve.jpg,
247n95.jpg,
0248_cropped.jpg,
248cloth.jpg,
248faces.jpg,
248faces.png,
248n95_valve.jpg,
248n95.jpg,
249cloth.jpg,
249faces.jpg,
249faces.png,
249n95_valve.jpg,
249n95.jpg,
250cloth.jpg,
250faces.jpg,
250faces.png,
250n95_valve.jpg,
250n95.jpg,
0251_cropped.jpg,
251cloth.jpg,
251faces.jpg,
251faces.png,
251n95_valve.jpg,
251n95.jpg,
252cloth.jpg,
252faces.jpg,
252faces.png,
252n95_valve.jpg,
252n95.jpg,
253cloth.jpg,
253faces.jpg,
253faces.png,
253n95_valve.jpg,
253n95.jpg,
0254_cropped.jpg,
254cloth.jpg,
254faces.jpg,
254faces.png,
254n95_valve.jpg,
254n95.jpg,
255cloth.jpeg,
255cloth.jpg,
255faces.jpg,
255n95_valve.jpg,
255n95.jpg,
256cloth.jpg,
256faces.jpg,
256faces.png,
256n95_valve.jpg,
256n95.jpg,
0257_cropped.jpg,
257cloth.jpg,
257faces.jpg,
257faces.png,
257n95_valve.jpg,
257n95.jpg,
258cloth.jpg,
258faces.jpg,
258faces.png,
258n95_valve.jpg,
258n95.jpg,
259cloth.jpg,
259faces.jpg,
259faces.png,
259n95_valve.jpg,
259n95.jpg,
260cloth.jpg,
260faces.jpg,
260faces.png,
260n95_valve.jpg,
260n95.jpg,
261cloth.jpg,
261faces.jpg,
261faces.png,
261n95_valve.jpg,
261n95.jpg,
262cloth.jpg,
262faces.jpg,
262faces.png,
262n95_valve.jpg,
262n95.jpg,
263cloth.jpg,
263faces.jpg,
263faces.png,
263n95_valve.jpg,
263n95.jpeg,
263n95.jpg,
264cloth.jpg,
264faces.jpg,
264faces.png,
264n95_valve.jpg,
264n95.jpg,
265cloth.jpg,
265faces.jpg,
265faces.png,
265n95_valve.jpg,
265n95.jpg,
266cloth.jpg,
266faces.jpg,
266n95_valve.png,
266n95.jpg,
266n95.png,
267cloth.jpg,
267faces.jpg,
267faces.png,
267n95_valve.jpeg,
267n95.jpeg,
267n95.jpg,
268cloth.jpg,
268faces.jpg,
268faces.png,
268n95_valve.jpg,
268n95.jpg,
268n95.png,
0269_cropped.jpg,
269cloth.jpg,
269faces.jpg,
269faces.png,
269n95_valve.jpg,
269n95.jpg,
270cloth.jpg,
270faces.jpg,
270faces.png,
270n95_valve.jpg,
270n95.jpg,
271cloth.jpg,
271faces.jpg,
271faces.png,
271n95_valve.jpg,
271n95.jpg,
272cloth.jpg,
272faces.jpg,
272faces.png,
272n95_valve.jpg,
272n95.jpg,
0273_cropped.jpg,
273cloth.jpg,
273faces.jpg,
273faces.png,
273n95_valve.jpg,
273n95.jpg,
274cloth.jpg,
274faces.jpg,
274faces.png,
274n95_valve.jpeg,
274n95.jpeg,
274n95.jpg,
275cloth.jpg,
275faces.jpg,
275faces.png,
275n95_valve.jpg,
275n95.jpg,
276cloth.jpg,
276faces.jpg,
276faces.png,
276n95_valve.jpg,
276n95.jpg,
0277_cropped.jpg,
277cloth.jpg,
277faces.jpg,
277n95_valve.jpg,
277n95.jpg,
278cloth.jpeg,
278cloth.jpg,
278faces.png,
278n95_valve.png,
278n95.jpeg,
278n95.png,
279cloth.jpg,
279faces.jpg,
279faces.png,
279n95_valve.jpg,
279n95.jpg,
280cloth.jpg,
280faces.jpg,
280faces.png,
280n95_valve.jpg,
280n95.jpeg,
280n95.jpg,
281cloth.jpg,
281faces.jpg,
281faces.png,
281n95_valve.jpg,
281n95.jpg,
282cloth.jpg,
282faces.png,
282n95_valve.jpg,
282n95.jpeg,
282n95.jpg,
283cloth.jpg,
283faces.jpg,
283faces.png,
283n95_valve.jpg,
283n95.jpg,
284cloth.jpg,
284faces.jpg,
284faces.png,
284n95_valve.jpg,
284n95.jpg,
285cloth.jpg,
285faces.jpg,
285faces.png,
285n95_valve.jpg,
285n95.jpg,
0286_cropped.jpg,
286cloth.jpg,
286faces.jpg,
286faces.png,
286n95_valve.jpg,
286n95.jpg,
287cloth.jpg,
287faces.jpg,
287faces.png,
287n95_valve.jpg,
287n95.jpg,
288cloth.jpg,
288faces.jpg,
288n95_valve.png,
288n95.jpg,
288n95.png,
289cloth.jpeg,
289faces.jpg,
289faces.png,
289n95_valve.jpg,
289n95.jpg,
290cloth.jpg,
290faces.jpg,
290faces.png,
290n95_valve.jpg,
290n95.jpg,
291cloth.jpg,
291faces.jpg,
291faces.png,
291n95_valve.jpg,
291n95.jpg,
291n95.png,
292cloth.jpg,
292faces.jpg,
292faces.png,
292n95_valve.jpg,
292n95.jpg,
293cloth.jpeg,
293cloth.jpg,
293faces.jpg,
293faces.png,
293n95_valve.jpg,
293n95.jpg,
293n95.png,
294cloth.jpeg,
294cloth.jpg,
294faces.jpg,
294faces.png,
294n95_valve.jpg,
294n95.jpg,
295cloth.jpg,
295faces.jpg,
295faces.png,
295n95_valve.jpg,
295n95.jpg,
296cloth.jpg,
296faces.jpg,
296faces.png,
296n95_valve.jpg,
296n95.jpg,
0297_cropped.jpg,
297cloth.jpeg,
297faces.jpg,
297faces.png,
297n95_valve.jpg,
297n95.jpg,
298cloth.jpg,
298faces.jpg,
298faces.png,
298n95_valve.jpg,
298n95.jpg,
299cloth.jpg,
299faces.jpg,
299n95_valve.png,
299n95.jpg,
299n95.png,
0300_cropped.jpg,
300cloth.jpg,
300faces.jpg,
300faces.png,
300n95_valve.jpg,
300n95.jpg,
301cloth.jpg,
301faces.jpg,
301faces.png,
301n95_valve.jpg,
301n95.jpg,
302cloth.jpg,
302faces.jpg,
302faces.png,
302n95_valve.jpg,
302n95.jpg,
303cloth.jpeg,
303faces.jpg,
303faces.png,
303n95_valve.jpg,
303n95.jpg,
304cloth.jpg,
304faces.jpg,
304faces.png,
304n95_valve.jpg,
304n95.jpg,
305cloth.jpeg,
305faces.jpg,
305n95_valve.jpg,
305n95.jpg,
306cloth.jpg,
306faces.jpg,
306n95_valve.jpg,
306n95.jpg,
307cloth.jpg,
307faces.jpg,
307n95_valve.jpg,
307n95.jpg,
308cloth.jpg,
308faces.jpg,
308n95_valve.jpg,
308n95.jpg,
309cloth.jpg,
309faces.jpg,
309n95_valve.jpg,
309n95.jpg,
310cloth.png,
310faces.jpg,
310n95_valve.jpeg,
310n95.jpeg,
310n95.jpg,
311cloth.jpg,
311faces.jpg,
311n95_valve.jpg,
311n95.jpg,
311n95.png,
312cloth.jpg,
312faces.jpg,
312n95_valve.jpg,
312n95.jpg,
313cloth.png,
313faces.png,
313n95_valve.jpg,
313n95.jpg,
314cloth.jpg,
314faces.jpg,
314n95_valve.jpg,
314n95.jpg,
315cloth.jpg,
315faces.jpg,
315n95_valve.jpg,
315n95.jpg,
316cloth.jpg,
316faces.jpg,
316n95_valve.jpg,
316n95.jpg,
317cloth.jpg,
317faces.png,
317n95_valve.jpg,
317n95.jpg,
318cloth.jpeg,
318cloth.jpg,
318faces.jpg,
318n95_valve.jpg,
318n95.jpg,
319cloth.jpeg,
319cloth.jpg,
319faces.jpg,
319n95_valve.jpg,
319n95.jpg,
320cloth.jpg,
320faces.jpg,
320n95_valve.jpg,
320n95.jpg,
321cloth.jpg,
321cloth.png,
321faces.jpg,
321n95_valve.jpeg,
321n95.jpeg,
321n95.jpg,
322cloth.jpg,
322faces.jpg,
322n95.jpg,
323cloth.jpg,
323faces.jpg,
323n95.jpg,
324cloth.jpg,
324faces.jpg,
324n95.jpg,
325cloth.jpg,
325faces.jpg,
325n95.jpg,
325n95.png,
0326_cropped.jpg,
326cloth.jpg,
326faces.jpg,
326n95.jpg,
327cloth.jpg,
327faces.jpg,
327n95.jpg,
0328_cropped.jpg,
328cloth.jpg,
328faces.jpg,
328n95.jpg,
329cloth.jpg,
329faces.jpg,
329n95.jpg,
330cloth.jpg,
330faces.jpg,
330n95.jpg,
331cloth.jpg,
331faces.png,
331n95.jpg,
332cloth.jpg,
332cloth.png,
332faces.jpg,
332n95.jpg,
333cloth.jpg,
333faces.jpg,
333n95.jpg,
0334_cropped.jpg,
334cloth.jpg,
334faces.jpg,
334n95.jpg,
335cloth.jpg,
335faces.jpg,
335n95.jpg,
336cloth.jpg,
336faces.jpg,
336n95.jpg,
337cloth.jpg,
337faces.jpg,
337n95.jpg,
338cloth.jpg,
338faces.png,
338n95.jpg,
0339_cropped.jpg,
339cloth.jpg,
339faces.png,
339n95.jpg,
340cloth.jpg,
340faces.jpg,
340n95.jpg,
340n95.png,
341cloth.jpg,
341faces.jpg,
341n95.jpg,
0342_cropped.jpg,
342cloth.jpeg,
342faces.jpg,
342n95.jpg,
343cloth.jpg,
343faces.jpg,
343n95.jpg,
344bx04-base-cvFrmt-400-cvFrmt_cropped.jpg,
344cloth.jpg,
344faces.jpg,
344n95.jpg,
345cloth.jpg,
345faces.jpg,
345n95.jpg,
0346_cropped.jpg,
346cloth.jpg,
346faces.jpg,
346n95.jpg,
0347_cropped.jpg,
347cloth.jpg,
347faces.jpg,
347n95.jpg,
348cloth.jpg,
348faces.jpg,
348n95.png,
0349_cropped.jpg,
349cloth.jpg,
349faces.jpg,
349n95.jpg,
350cloth.jpg,
350faces.jpg,
350n95.jpg,
351cloth.jpg,
351faces.jpg,
351n95.jpg,
0352_cropped.jpg,
352cloth.jpg,
352faces.jpg,
352n95.jpg,
353cloth.jpg,
353faces.jpg,
353n95.jpg,
354cloth.jpg,
354faces.jpg,
354n95.jpg,
355cloth.jpg,
355faces.jpg,
355n95.jpg,
356cloth.jpg,
356faces.jpg,
356n95.jpg,
357cloth.jpg,
357faces.jpg,
357n95.jpg,
358cloth.png,
358faces.jpg,
358n95.jpg,
359cloth.jpg,
359faces.jpg,
360cloth.jpg,
360faces.jpg,
361cloth.jpg,
361faces.jpg,
362cloth.png,
362faces.jpg,
363cloth.png,
363faces.jpg,
364cloth.png,
364faces.jpg,
365cloth.jpg,
365faces.jpg,
0366_cropped.jpg,
366cloth.png,
366faces.jpg,
367cloth.png,
367faces.jpg,
368cloth.png,
368faces.jpg,
369cloth.png,
369faces.jpg,
370cloth.png,
370faces.jpg,
371cloth.jpg,
371faces.jpg,
372cloth.jpg,
372faces.jpg,
373cloth.jpg,
373faces.jpg,
374cloth.jpg,
374faces.jpg,
375cloth.jpg,
375faces.jpg,
376cloth.jpg,
376faces.jpg,
377cloth.jpg,
377faces.jpg,
378cloth.jpg,
378faces.jpg,
379cloth.jpg,
379faces.jpg,
380cloth.jpg,
380faces.png,
381cloth.jpg,
381faces.png,
382cloth.jpg,
382faces.jpg,
383cloth.jpg,
383faces.jpg,
384cloth.jpg,
384faces.jpg,
0385_cropped.jpg,
385cloth.jpg,
385faces.jpg,
386cloth.jpg,
386faces.jpg,
387cloth.jpg,
387faces.jpg,
388cloth.jpg,
388faces.jpg,
389cloth.jpg,
389faces.png,
390cloth.jpg,
390faces.png,
391cloth.jpg,
391faces.png,
392cloth.jpg,
392faces.png,
393cloth.jpg,
393faces.png,
394cloth.jpg,
394faces.jpg,
0395_cropped.jpg,
395cloth.jpg,
395faces.png,
396cloth.jpg,
396faces.jpg,
397cloth.jpg,
397faces.jpg,
398cloth.jpg,
398faces.jpg,
399cloth.jpg,
399faces.jpg,
0400_cropped.jpg,
400cloth.jpg,
400faces.jpg,
401cloth.jpg,
401faces.jpg,
402cloth.jpg,
402faces.jpg,
403cloth.jpg,
403faces.jpg,
404cloth.jpg,
404faces.jpg,
405cloth.jpg,
405faces.jpg,
406cloth.jpg,
406faces.jpg,
407cloth.jpg,
407faces.jpg,
408cloth.jpg,
408faces.png,
409cloth.jpg,
409faces.png,
410cloth.jpg,
410faces.jpg,
0411_cropped.jpg,
411cloth.jpg,
411faces.jpg,
412cloth.jpg,
412faces.jpg,
413faces.jpg,
414faces.png,
415faces.jpg,
416faces.jpg,
417faces.jpg,
418faces.jpg,
0419_cropped.jpg,
419faces.png,
420faces.jpg,
421faces.jpg,
422faces.jpg,
423faces.jpg,
0424_cropped.jpg,
424faces.jpg,
0425_cropped.jpg,
425faces.jpg,
426faces.jpg,
427faces.jpg,
428faces.jpg,
0429_cropped.jpg,
429faces.jpg,
430faces.jpg,
431faces.jpg,
432faces.jpg,
433faces.jpg,
434faces.jpg,
435faces.jpg,
436faces.jpg,
437faces.jpg,
438faces.jpg,
439faces.jpg,
0440_cropped.jpg,
440faces.jpg,
441faces.jpg,
442faces.jpg,
443faces.jpg,
444faces.jpg,
445faces.jpg,
446faces.jpg,
447faces.jpg,
448faces.jpg,
449faces.jpg,
450faces.jpg,
451faces.jpg,
452faces.jpg,
453faces.jpg,
454faces.jpg,
455faces.jpg,
456faces.jpg,
457faces.jpg,
458faces.jpg,
459faces.jpg,
460faces.jpg,
461faces.jpg,
462faces.jpg,
463faces.jpg,
464faces.jpg,
465faces.jpg,
466faces.jpg,
467faces.jpg,
468faces.jpg,
469faces.jpg,
470faces.jpg,
471faces.jpg,
472faces.jpg,
0473_cropped.jpg,
473faces.jpg,
474faces.jpg,
475faces.jpg,
0476_cropped.jpg,
476faces.jpg,
477faces.jpg,
478faces.jpg,
479faces.jpg,
0486_cropped.jpg,
0498_cropped.jpg,
0499_cropped.jpg,
0504_cropped.jpg,
0510_cropped.jpg,
0533_cropped.jpg,
0534_cropped.jpg,
0544_cropped.jpg,
0545_cropped.jpg,
0547_cropped.jpg,
0558_cropped.jpg,
0561_cropped.jpg,
0577_cropped.jpg,
0582_cropped.jpg,
0584_cropped.jpg,
0593_cropped.jpg,
0594_cropped.jpg,
0000598_distech-procedure-earloop-mask-2115_580_800x_cropped.jpg,
600x315-mask-mode.png_h=315&la=en-AU&w=600&hash=14DC391937FED54F805E8034871893F95A2B6362_cropped.jpg,
0626_cropped.jpg,
0632_cropped.jpg,
0640_cropped.jpg,
0643_cropped.jpg,
0645_cropped.jpg,
0646_cropped.jpg,
0650_cropped.jpg,
0670_cropped.jpg,
0675_cropped.jpg,
0676_cropped.jpg,
0681_cropped.jpg,
0682_cropped.jpg,
0691_cropped.jpg,
0704_cropped.jpg,
0706_cropped.jpg,
0709_cropped.jpg,
0717_cropped.jpg,
0719_cropped.jpg,
0721_cropped.jpg,
0722_cropped.jpg,
0725_cropped.jpg,
0733_cropped.jpg,
0738_cropped.jpg,
0745_cropped.jpg,
0760_cropped.jpg,
0769_cropped.jpg,
0774_cropped.jpg,
0780_cropped.jpg,
0782_cropped.jpg,
0785_cropped.jpg,
0791_cropped.jpg,
0799_cropped.jpg,
0824_cropped.jpg,
0831_cropped.jpg,
0832_cropped.jpg,
0837_cropped.jpg,
0843_cropped.jpg,
0846_cropped.jpg,
0847_cropped.jpg,
0849_cropped.jpg,
0853_cropped.jpg,
0880_cropped.jpg,
0938_cropped.jpg,
0950_cropped.jpg,
0951_cropped.jpg,
0953_cropped.jpg,
0954_cropped.jpg,
0963_cropped.jpg,
0972_cropped.jpg,
0981_cropped.jpg,
0989_cropped.jpg,
1140-man-wearing-mask_cropped.jpg,
1140-woman-removing-mask.imgcache.rev.web.900.513_cropped.jpg,
3677.jpg_width=1200&height=900&quality=85&auto=format&fit=crop&s=5550436acce1cb756e59c3fb7d763068_cropped.jpg,
4517_face_mask_with_shield_cropped.jpg,
5049..jpg_width=465&quality=45&auto=format&fit=max&dpr=2&s=c0c04e9929cec2e62835902fc7c611e7_cropped.jpg,
5568.jpg_width=465&quality=45&auto=format&fit=max&dpr=2&s=cc221997acb011a41cd2570fb7988f5a_cropped.jpg,
5568.jpg_width=1200&height=1200&quality=85&auto=format&fit=crop&s=5d8d62387b25ee53e8ebdc051d0ea03b_cropped.jpg,
6927.jpg_width=300&quality=85&auto=format&fit=max&s=3050dd2c84511cb624a8f74ca1abcd53_cropped.jpg,
7535_1.jpg_c=1625828457_cropped.jpg,
0014319a-614.jpg_ratio=1.78_cropped.jpg,
20325-2T_cropped.jpg,
25297_cropped.jpg,
40005_-procedural_yellow_6_cropped.jpg,
61731f5f280000a752a73ecb.jpg_ops=scalefit_720_noupscale_cropped.jpg,
136169_cropped.jpg,
211013-disposable-face-mask-bd-1x1_cropped.jpg,
367815_ls_cropped.jpg,
418295_ls_cropped.jpg,
1530306_US_front_01_600x600_cropped.jpg,
1699600-3x2-940x627_cropped.jpg,
3483582-coronavirus-danger-of-covid-19-portrait-of-a-young-man-wearing-a-face-mask-biological-danger-photocase-stock-photo-large_cropped.jpg,
3487737-close-up-of-woman-covering-her-face-with-protective-mask-virus-concept-photocase-stock-photo-large_cropped.jpg,
10358996-man-wear-face-mask_cropped.jpg,
10765807-man-wear-face-mask_cropped.jpg,
11145613.jpg_display=1&htype=87&type=responsive-gallery_cropped.jpg,
17017101-hombre-con-m%C3%A1scara-m%C3%A9dica_cropped.jpg,
20201109-mega-mask-oceanblue_2048x_cropped.jpg,
52903799-10400153-image-a-26_1642108668897_cropped.jpg,
78403220.jpg_884019_cropped.jpg,
79986719.cms_width=680&height=512&imgsize=1024256_cropped.jpg,
106534307-1589321761055gettyfacemask.jpg_v=1589384225_cropped.jpg,
106645659-1596486015490-GettyImages-1215303360.jpg_v=1596486095&w=1910&h=1000_cropped.jpg,
106757648-1603404475911-gettyimages-1281710356-nng_6210_2020102252211420.jpg_v=1603404535&w=1600&h=900_cropped.jpg,
106959963-1634151315566-gettyimages-1218004444-womanquarantinehomeisolationfacemaskcovid-19coronavirusmdome_cropped.jpg,
146438138-two-people-standing-in-line-wearing-face-masks_cropped.jpg,
150049126-a-portrait-of-an-elderly-man-wearing-a-face-mask-looking-away-while-standing-in-a-garden-mask-for-pr_cropped.jpg,
155267173-asian-delivery-man-wearing-face-mask-and-gloves-in-red-uniform-delivering-parcel-box-isolated-on-whi_cropped.jpg,
1213314129.jpg.0_cropped.jpg,
ABC-MEDICAL_CROSSTEX_MASQUE-DE-PROC%C3%89DURE_GCPBLSF_GCFCXSF_500-x-500_cropped.jpg,
AP22019855736366_cropped.jpg,
ArmbrustSurgical-Studio_Green-front-sw_800x_cropped.jpg,
ArmbrustSurgical-Studio-grey-front-sw_800x_cropped.jpg,
astm-level-1-procedural-masks-disposable-mask-the-canadian-shield-792707_1400x_cropped.jpg,
astm-level-2-procedural-masks-disposable-mask-the-canadian-shield-870650_1800x1800_cropped.jpg,
attachment.aspx_cropped.jpg,
black-man-wearing-face-mask-protective-virus-coronavirus-asian-happy-portrait-young-epidemic-air-pollution-looking-camera-189382722_cropped.jpg,
business-people-wearing-face-mask-having-discussion-in-meeting-while-sitting-at-office-UUF22157_cropped.jpg,
business-people-wearing-medical-face-mask-while-working-in-office-picture_csp87521714_cropped.jpg,
ca_coronavirus12us_020520getty_6_cropped.jpg,
Cardinal-Health-Level-1-Procedure-Masks_cropped.jpg,
catcallingmasks_cropped.jpg,
cfc676554f234a3a41723924c28d9668_cropped.jpg,
close-up-face-young-man-wearing-medical-mask-wrong-way-isolated-white-background-prevention-virus-infection-concept-190979117_cropped.jpg,
close-up-headshot-of-asian-chinese-man-person-wearing-a-surgical-face-mask-as-protection-against-transmission-infection-of-contagious-viruses-with-2AT27RK_cropped.jpg,
close-up-of-thoughtful-young-man-wearing-face-mask-while-sitting-at-sidewalk-cafe-MEUF00930_cropped.jpg,
closeup-of-man-wearing-mask-against-white-background-picture-id1220319292_s=612x612_cropped.jpg,
closeup-of-the-face-of-a-middleaged-man-with-a-face-mask-picture-id1266410991_k=20&m=1266410991&s=170667a&w=0&h=rrbl3r9Hxj2taZT2Jld11Ok4Ag8m7UWeM5E72Z_XzGc=_cropped.jpg,
couple-talking-street-outdoors-face-mask-social-distancing_cropped.jpg,
Custom-Printed-3-Ply-Face-Mask-Main-Image_cropped.jpg,
depositphotos_361152216-stock-photo-young-caucasian-woman-surgical-mask_cropped.jpg,
disposable-3-ply-face-mask-250-masks-756959_250x250@2x_cropped.jpg,
disposable-face-mask-500x500_cropped.jpg,
disposable-face-mask-made-in-usa-by-halyard-health-50box-500998_800x_cropped.jpg,
disposable-face-mask-made-in-usa-by-halyard-health-50box-714844_800x_cropped.jpg,
Do-you-have-to-wear-face-masks-in-shops-latest-news-shopping-news-retail-news-1295806.jpg_r=1592163697753_cropped.jpg,
dreamstime_s_39359443_cropped.jpg,
ear_loop_procedural_face_masks_cropped.jpg,
ear-loop-surgical-mask-medical-grade-box-of-50-144-600x600_cropped.jpg,
ecoguard-astm-level-3-mask-ecoguard-sheg-l3-001_qks1nc_cropped.jpg,
ELM100_Model-newblue_cropped.jpg,
ent-covi-mask-convers_cropped.jpg,
face_mask_4521_cropped.jpg,
Face_Masks_Street_1200x628-facebook-1200x628_cropped.jpg,
face-mask-5008608_1920_cropped.jpg,
face-mask-adobestock_327902551_cropped.jpg,
face-mask-picture-id157584680_s=612x612_cropped.jpg,
face-mask-woman-1024x538_cropped.jpg,
facemask-law_cropped.jpg,
faceMasksProtectCouple-1273627467-770x553-1-650x428_cropped.jpg,
Female_Mask_Train_Station_1200x628-facebook-1200x628_cropped.jpg,
file-20200722-24-7qvfoc.jpg_ixlib=rb-1.1.0&q=45&auto=format&w=1200&h=675.0&fit=crop_cropped.jpg,
file-20220124-27-1ch5axg_cropped.jpg,
fluidshield__level_2_procedure_mask-62115-front_cropped.jpg,
fluidshield__level_2_procedure_mask-62115-side_cropped.jpg,
Foggy-Glasses-Hero.png_fm=jpg&q=80_cropped.jpg,
four-people-wearing-masks-58_cropped.jpg,
front-view-man-reaching-someone-while-wearing-medical-mask_23-2148450301.jpg_size=338&ext=jpg_cropped.jpg,
front-view-man-s-half-face-wearing-medical-mask_23-2148445132.jpg_size=626&ext=jpg_cropped.jpg,
front-view-man-wearing-medical-mask-city_23-2148955598.jpg_size=626&ext=jpg_cropped.jpg,
gettyimages-1209334802.jpg_auto=webp&width=940_cropped.jpg,
GettyImages-1210333963-crop-bd9819b.jpg_quality=90&resize=768_574_cropped.jpg,
GettyImages-1213801555_header-1024x575.jpg_w=1155&h=1528_cropped.jpg,
GettyImages-1218031592_cropped.jpg,
green_3_ply_1600x_cropped.jpg,
group-of-people-with-protective-masks-crowd-of-people-wearing-medical-masks-coronavirus-epidemic-concept-2GM334E_cropped.jpg,
halyard__astm_level_1_earloop_mask_yellow_cropped.jpg,
hero-man-walking-down-street-with-face-mask-2000x1333.jpg_itok=ZNj2Po_j_cropped.jpg,
how-to-beat-maskne_cropped.jpg,
How-wearing-mask-sleep-columbus-1080x630_cropped.jpg,
HuFriedyGroup-GCPBL_Procedural-Earloop-Mask-Blue_cropped.jpg,
HuFriedyGroup-GCPWSSF-UltraSensitiveFFMaskWithShield-2104_cropped.jpg,
image-cta-large-donning-procedure-mask_cropped.jpg,
img-2319-1601950674.jpg_crop=0.600xw_1.00xh;0.219xw_0&resize=480___cropped.jpg,
latin-man-wearing-face-mask-in-city-picture-id1253339890_cropped.jpg,
level_2_masks_cropped.jpg,
man-fixing-mask.jpg_quality=82&strip=all_cropped.jpg,
man-wearing-face-mask-19004588_cropped.jpg,
man-wearing-medical-mask-9531995_cropped.jpg,
man-wearing-medical-mask-showing-the-thumbs-up-picture-id1310896477_b=1&k=20&m=1310896477&s=170667a&w=0&h=V5HvVm5U4U9q9wrHwBHFp-qW4EU-8XAK8thI54mP_A4=_cropped.jpg,
man-wearing-pollution-mask-royalty-free-image-1593125083.jpg_crop=0.668xw_1.00xh;0.167xw_0&resize=640___cropped.jpg,
mandatory-face-mask_cropped.jpg,
mask_cropped.jpg,
mask_social_media_cropped.jpg,
mask-brace-1613599359_cropped.jpg,
mask-portrait-young-asian-man-wearing-medical-smiling-camera-isolated-over-white-background-health-care-prevention-safety-191937887_cropped.jpg,
Mask-Tech-HypoAllergenic-Surgical-Mask-W_Tie-On-1_cropped.jpg,
Mask-Wearing_MH_1200x628-1200x610_cropped.jpg,
Mask.jpg_fit=1200%2C800_cropped.jpg,
maskne_covid_copy_cropped.jpg,
masks_cropped.jpg,
masks-may-protect-the-people-wearing-them-by-reducing-the-amount-of-droplets-from-others-that-might-make-contact-with-them-_cropped.jpg,
MedMay-Surgical-Medical-Mask-2_cropped.jpg,
merlin_175080150_0165accb-5745-47d6-a77f-cf1a7f28cc71-mobileMasterAt3x_cropped.jpg,
merlin_187711494_7c8c020a-ce5d-442a-a60a-f35b3a05b504-superJumbo_cropped.jpg,
MINIATURACIRCULODT-MSK-0033_cropped.jpg,
MINIATURACIRCULODT-MSK-0034_cropped.jpg,
noimage_wasserstrom_cropped.jpg,
offset_1015347_cropped.jpg,
old-man-wearing-face-mask-600w-1615154779_cropped.jpg,
old-man-wearing-face-mask-portrait-years-medical-concept-danger-coronavirus-elderly-199003224_cropped.jpg,
p-c-mkt03517-covid-19_mask_760x380_web.jpg_sfvrsn=3dc34752_0_cropped.jpg,
parkcps-maskpricing-FDAmasks-july101_xlarge_cropped.jpg,
pc0820bailey_graphic_02.jpg_h=630&w=1200&la=en&hash=9121A951DD672C8ADE3B1D0F7D4D39CB_cropped.jpg,
person-wearing-a-mask_cropped.jpg,
person-wearing-face-mask-cartoon-caricature-in-color-style-from-photo-718778_cropped.jpg,
person-wearing-face-mask-in-china_cropped.jpg,
pexels-photo-3952244.jpg_cs=srgb&dl=pexels-cottonbro-3952244.jpg&fm=jpg_cropped.jpg,
pexels-photo-3957986_cropped.jpg,
pexels-photo-3957992.jpg_auto=compress&cs=tinysrgb&dpr=1&w=500_cropped.jpg,
pexels-photo-4031909.jpg_cs=srgb&dl=pexels-engin-akyurt-4031909.jpg&fm=jpg_cropped.jpg,
pexels-photo-4472634_cropped.jpg,
PG4-1273wm_cropped.jpg,
pg4-1333_cropped.jpg,
PGUSA_ProductShot_General-Face-Mask_cropped.jpg,
photo-1587314199858-905a5e5b618f_ixlib=rb-1.2.1&ixid=MnwxMjA3fDB8MHxzZWFyY2h8N3x8bWFza3xlbnwwfHwwfHw%3D&w=1000&q=80_cropped.jpg,
photo-1591604021695-0c69b7c05981_ixlib=rb-1.2.1&ixid=MnwxMjA3fDB8MHxzZWFyY2h8OXx8bnVyc2V8ZW58MHx8MHx8&w=1000&q=80_cropped.jpg,
photo-1593131492215-67b479a3d915_ixlib=rb-1.2.1&ixid=MnwxMjA3fDB8MHxzZWFyY2h8NHx8bWFza3xlbnwwfHwwfHw%3D&w=1000&q=80_cropped.jpg,
photo-1614092962633-9d113995849c_ixlib=rb-1.2.1&ixid=MnwxMjA3fDB8MHxzZWFyY2h8MTN8fGNvdmlkJTIwbWFza3xlbnwwfHwwfHw%3D&w=1000&q=80_cropped.jpg,
portrait-ill-black-american-man-african-person-wearing-face-mask-corona-virus-health-care-concept-isolated-white-188313317_cropped.jpg,
portrait-ill-black-american-man-african-person-wearing-face-mask-corona-virus-health-care-concept-isolated-white-188313338_cropped.jpg,
portrait-ill-blonde-man-wearing-face-mask-corona-virus-health-care-concept-isolated-white-background-medical-188030819_cropped.jpg,
portrait-of-a-senior-man-wearing-a-protective-face-mask-picture-id1225882391_s=612x612_cropped.jpg,
portrait-of-a-young-african-american-man-wearing-a-face-mask-picture-id1269960489_s=612x612_cropped.jpg,
portrait-of-african-american-female-owner-with-n95-face-mask-picture-id1250190299_s=612x612_cropped.jpg,
portrait-of-african-american-female-owner-with-n95-face-mask-picture-id1271298611_s=612x612_cropped.jpg,
portrait-of-man-wearing-surgical-mask-at-home-covid19-coronavirus-and-picture-id1215583521_k=20&m=1215583521&s=612x612&w=0&h=xQVnwgQPJ27WfGbGhxJCnfYECZBRMUWrP7Kejzw-Xns=_cropped.jpg,
portrait-young-man-wearing-medical-mask-white-background-person-happy-finally-healthy-coronavirus-concept-176798475_cropped.jpg,
portrait-young-woman-wearing-medical-mask-white-background-person-happy-finally-healthy-protect-your-health-176930011_cropped.jpg,
PRC_156818122.jpg_quality=90&strip=all&zoom=1&resize=480%2C252_cropped.jpg,
proceduralearloopsecurefitmasktechnology-600x600_cropped.jpg,
s-l640_cropped.jpg,
sad-woman-crying-face-mask-sick-ill_cropped.jpg,
Screen Shot 2022-03-22 at 1.51.08 PM_cropped.jpg,
Screen Shot 2022-03-22 at 1.52.38 PM_cropped.jpg,
Screen Shot 2022-03-22 at 2.52.40 PM_cropped.jpg,
Screen Shot 2022-03-22 at 2.54.18 PM_cropped.jpg,
Screen Shot 2022-03-22 at 2.54.49 PM_cropped.jpg,
Screen Shot 2022-03-22 at 2.55.47 PM_cropped.jpg,
Screen Shot 2022-03-22 at 3.00.10 PM_cropped.jpg,
Screen Shot 2022-03-22 at 3.06.03 PM_cropped.jpg,
Screen Shot 2022-03-22 at 3.06.03 PM.png,
Screen Shot 2022-03-22 at 3.06.12 PM_cropped.jpg,
Screen Shot 2022-03-22 at 3.06.12 PM.png,
Screen Shot 2022-03-22 at 3.14.39 PM_cropped.jpg,
Screen Shot 2022-03-22 at 3.14.39 PM.png,
Screen Shot 2022-03-22 at 3.17.00 PM_cropped.jpg,
Screen Shot 2022-03-22 at 3.17.00 PM.png,
Screen Shot 2022-03-22 at 3.17.17 PM_cropped.jpg,
Screen Shot 2022-03-22 at 3.17.17 PM.png,
Screen Shot 2022-03-22 at 3.17.25 PM.png,
Screen Shot 2022-03-22 at 3.18.07 PM_cropped.jpg,
Screen Shot 2022-03-22 at 3.18.07 PM.png,
Screen Shot 2022-03-22 at 3.18.16 PM_cropped.jpg,
Screen Shot 2022-03-22 at 3.18.16 PM.png,
Screen Shot 2022-03-22 at 3.18.25 PM_cropped.jpg,
Screen Shot 2022-03-22 at 3.18.25 PM.png,
Screen Shot 2022-03-22 at 3.18.40 PM_cropped.jpg,
Screen Shot 2022-03-22 at 3.18.40 PM.png,
Screen Shot 2022-03-22 at 3.18.53 PM_cropped.jpg,
Screen Shot 2022-03-22 at 3.26.49 PM.png,
Screen Shot 2022-03-22 at 3.29.08 PM.png,
Screen Shot 2022-03-22 at 3.29.45 PM.png,
Screen Shot 2022-03-22 at 3.39.47 PM.png,
Screen Shot 2022-03-22 at 3.40.27 PM.png,
Screen Shot 2022-03-22 at 3.40.40 PM.png,
Screen Shot 2022-03-22 at 3.41.00 PM.png,
Screen Shot 2022-03-22 at 3.41.07 PM.png,
Screen Shot 2022-03-22 at 3.41.33 PM.png,
Screen Shot 2022-03-22 at 3.41.40 PM.png,
Screen Shot 2022-03-22 at 3.42.00 PM.png,
Screen Shot 2022-03-22 at 3.42.11 PM.png,
Screen Shot 2022-03-22 at 3.42.28 PM.png,
Screen Shot 2022-03-22 at 3.43.01 PM.png,
Screen Shot 2022-03-22 at 4.12.22 PM.png,
Screen Shot 2022-03-22 at 4.12.30 PM.png,
Screen Shot 2022-03-22 at 4.12.37 PM.png,
Screen Shot 2022-03-22 at 4.12.44 PM.png,
Screen Shot 2022-03-22 at 4.12.58 PM.png,
Screen Shot 2022-03-22 at 4.13.09 PM.png,
Screen Shot 2022-03-22 at 4.13.18 PM.png,
Screen Shot 2022-03-22 at 4.13.44 PM.png,
Screen Shot 2022-03-22 at 4.13.54 PM.png,
Screen Shot 2022-03-22 at 4.14.04 PM.png,
Screen Shot 2022-03-22 at 4.14.13 PM.png,
Screen Shot 2022-03-22 at 4.14.21 PM.png,
Screen Shot 2022-03-22 at 4.14.30 PM.png,
Screen Shot 2022-03-22 at 4.15.05 PM.png,
Screen Shot 2022-03-22 at 4.15.20 PM.png,
Screen Shot 2022-03-22 at 4.15.26 PM.png,
Screen Shot 2022-03-22 at 4.15.33 PM.png,
Screen Shot 2022-03-22 at 4.15.43 PM.png,
Screen Shot 2022-03-22 at 4.15.54 PM.png,
Screen Shot 2022-03-22 at 4.16.09 PM.png,
Screen Shot 2022-03-22 at 4.16.25 PM.png,
Screen Shot 2022-03-22 at 4.16.31 PM.png,
Screen Shot 2022-03-22 at 4.17.04 PM.png,
Screen Shot 2022-03-22 at 4.17.16 PM.png,
Screen Shot 2022-03-22 at 4.17.22 PM.png,
Screen Shot 2022-03-22 at 4.17.33 PM.png,
Screen Shot 2022-03-22 at 4.17.38 PM.png,
Screen Shot 2022-03-22 at 4.17.45 PM.png,
Screen Shot 2022-03-22 at 4.17.55 PM.png,
Screen Shot 2022-03-22 at 4.18.02 PM.png,
Screen Shot 2022-03-22 at 4.18.38 PM.png,
Screen Shot 2022-03-22 at 4.18.49 PM.png,
Screen Shot 2022-03-22 at 4.18.56 PM.png,
Screen Shot 2022-03-22 at 4.19.02 PM.png,
Screen Shot 2022-03-22 at 4.19.10 PM.png,
Screen Shot 2022-03-22 at 4.19.29 PM.png,
Screen Shot 2022-03-22 at 4.19.42 PM.png,
Screen Shot 2022-03-22 at 4.19.49 PM.png,
Screen Shot 2022-03-22 at 4.20.10 PM.png,
Screen Shot 2022-03-22 at 4.20.17 PM.png,
Screen Shot 2022-03-22 at 4.20.46 PM.png,
Screen Shot 2022-03-22 at 4.20.53 PM.png,
Screen Shot 2022-03-22 at 4.21.04 PM.png,
Screen Shot 2022-03-22 at 4.21.30 PM.png,
Screen Shot 2022-03-22 at 4.29.30 PM.png,
Screen Shot 2022-03-22 at 4.29.40 PM.png,
Screen Shot 2022-03-22 at 4.29.51 PM.png,
Screen Shot 2022-03-22 at 4.29.59 PM.png,
Screen Shot 2022-03-22 at 4.30.10 PM.png,
Screen Shot 2022-03-22 at 4.30.17 PM.png,
Screen Shot 2022-03-22 at 4.30.48 PM.png,
Screen Shot 2022-03-22 at 4.31.14 PM.png,
Screen Shot 2022-03-22 at 4.31.20 PM.png,
Screen Shot 2022-03-22 at 4.31.34 PM.png,
Screen Shot 2022-03-22 at 4.32.23 PM.png,
Screen Shot 2022-03-22 at 4.32.35 PM.png,
Screen Shot 2022-03-22 at 4.32.45 PM.png,
Screen Shot 2022-03-22 at 4.33.05 PM.png,
Screen Shot 2022-03-22 at 4.33.11 PM.png,
Screen Shot 2022-03-22 at 4.33.24 PM.png,
Screen Shot 2022-03-22 at 4.33.38 PM.png,
Screen Shot 2022-03-22 at 4.33.47 PM.png,
Screen Shot 2022-03-22 at 4.33.59 PM.png,
Screen Shot 2022-03-22 at 4.34.20 PM.png,
Screen Shot 2022-03-22 at 4.40.05 PM.png,
Screen Shot 2022-03-22 at 4.43.44 PM.png,
Screen Shot 2022-03-22 at 4.43.51 PM.png,
Screen Shot 2022-03-22 at 4.44.25 PM.png,
Screen Shot 2022-03-22 at 4.44.36 PM.png,
Screen Shot 2022-03-22 at 4.44.46 PM.png,
Screen Shot 2022-03-22 at 4.45.15 PM.png,
Screen Shot 2022-03-22 at 4.45.29 PM.png,
Screen Shot 2022-03-22 at 4.45.39 PM.png,
Screen Shot 2022-03-22 at 4.46.03 PM.png,
Screen Shot 2022-03-22 at 4.46.23 PM.png,
Screen Shot 2022-03-22 at 4.46.31 PM.png,
Screen Shot 2022-03-22 at 4.46.49 PM.png,
Screen Shot 2022-03-22 at 4.46.59 PM.png,
Screen Shot 2022-03-22 at 4.47.11 PM.png,
Screen Shot 2022-03-22 at 4.47.25 PM.png,
Screen Shot 2022-03-22 at 4.47.32 PM.png,
Screen Shot 2022-03-22 at 4.47.45 PM.png,
Screen Shot 2022-03-22 at 4.47.59 PM.png,
Screen Shot 2022-03-22 at 4.48.07 PM.png,
Screen Shot 2022-03-22 at 4.48.31 PM.png,
Screen Shot 2022-03-22 at 4.48.38 PM.png,
Screen Shot 2022-03-22 at 4.48.44 PM.png,
Screen Shot 2022-03-22 at 4.48.56 PM.png,
Screen Shot 2022-03-22 at 4.49.03 PM.png,
Screen Shot 2022-03-22 at 4.49.18 PM.png,
Screen Shot 2022-03-22 at 4.49.25 PM.png,
Screen Shot 2022-03-22 at 4.49.38 PM.png,
Screen Shot 2022-03-22 at 4.49.57 PM.png,
Screen Shot 2022-03-22 at 4.50.04 PM.png,
Screen Shot 2022-03-22 at 4.50.16 PM.png,
Screen Shot 2022-03-22 at 4.50.29 PM.png,
Screen Shot 2022-03-22 at 4.50.36 PM.png,
Screen Shot 2022-03-22 at 4.50.43 PM.png,
Screen Shot 2022-03-22 at 4.50.51 PM.png,
Screen Shot 2022-03-22 at 4.51.03 PM.png,
Screen Shot 2022-03-22 at 4.52.34 PM.png,
Screen Shot 2022-03-22 at 4.53.08 PM.png,
Screen Shot 2022-03-22 at 4.53.16 PM.png,
Screen Shot 2022-03-22 at 4.53.30 PM.png,
Screen Shot 2022-03-22 at 4.58.11 PM.png,
Screen Shot 2022-03-22 at 4.58.18 PM.png,
Screen Shot 2022-03-22 at 4.58.28 PM.png,
Screen Shot 2022-03-22 at 4.58.34 PM.png,
Screen Shot 2022-03-22 at 4.58.41 PM.png,
Screen Shot 2022-03-22 at 5.00.22 PM.png,
Screen Shot 2022-03-22 at 5.00.29 PM.png,
Screen Shot 2022-03-22 at 5.00.41 PM.png,
Screen Shot 2022-03-22 at 5.00.47 PM.png,
Screen Shot 2022-03-22 at 5.00.54 PM.png,
Screen Shot 2022-03-22 at 5.01.16 PM.png,
Screen Shot 2022-03-22 at 5.01.29 PM.png,
Screen Shot 2022-03-22 at 5.01.41 PM.png,
Screen Shot 2022-03-22 at 5.01.52 PM.png,
Screen Shot 2022-03-22 at 5.02.05 PM.png,
Screen Shot 2022-03-22 at 5.02.12 PM.png,
Screen Shot 2022-03-22 at 5.02.24 PM.png,
Screen Shot 2022-03-22 at 5.02.39 PM.png,
Screen Shot 2022-03-22 at 5.02.52 PM.png,
Screen Shot 2022-03-22 at 5.02.59 PM.png,
Screen Shot 2022-03-22 at 5.03.07 PM.png,
Screen Shot 2022-03-22 at 5.03.14 PM.png,
Screen Shot 2022-03-22 at 5.03.21 PM.png,
Screen Shot 2022-03-22 at 5.03.36 PM.png,
Screen Shot 2022-03-22 at 5.03.46 PM.png,
Screen Shot 2022-03-22 at 5.05.08 PM.png,
Screen Shot 2022-03-22 at 5.05.49 PM.png,
Screen Shot 2022-03-22 at 5.05.55 PM.png,
Screen Shot 2022-03-22 at 5.09.45 PM.png,
Screen Shot 2022-03-22 at 5.09.49 PM.png,
Screen Shot 2022-03-22 at 5.10.05 PM.png,
Screen Shot 2022-03-22 at 5.10.07 PM.png,
Screen Shot 2022-03-22 at 5.10.19 PM.png,
Screen Shot 2022-03-22 at 5.10.29 PM.png,
Screen Shot 2022-03-22 at 5.10.43 PM.png,
Screen Shot 2022-03-22 at 5.10.54 PM.png,
Screen Shot 2022-03-22 at 5.11.07 PM.png,
Screen Shot 2022-03-22 at 5.11.15 PM.png,
Screen Shot 2022-03-22 at 5.11.24 PM.png,
Screen Shot 2022-03-22 at 5.11.33 PM.png,
Screen Shot 2022-03-22 at 5.11.40 PM.png,
Screen Shot 2022-03-22 at 5.11.44 PM.png,
Screen Shot 2022-03-22 at 5.11.48 PM.png,
Screen Shot 2022-03-22 at 5.11.56 PM.png,
Screen Shot 2022-03-22 at 5.12.03 PM.png,
Screen Shot 2022-03-22 at 5.12.12 PM.png,
Screen Shot 2022-03-22 at 5.12.18 PM.png,
Screen Shot 2022-03-22 at 5.12.34 PM.png,
Screen Shot 2022-03-22 at 5.12.37 PM.png,
Screen Shot 2022-03-22 at 5.12.41 PM.png,
Screen Shot 2022-03-22 at 5.12.47 PM.png,
Screen Shot 2022-03-22 at 5.12.56 PM.png,
Screen Shot 2022-03-22 at 5.12.59 PM.png,
Screen Shot 2022-03-22 at 5.13.06 PM.png,
Screen Shot 2022-03-22 at 5.13.08 PM.png,
Screen Shot 2022-03-22 at 5.13.16 PM.png,
Screen Shot 2022-03-22 at 5.13.23 PM.png,
Screen Shot 2022-03-22 at 5.13.27 PM.png,
Screen Shot 2022-03-22 at 5.13.49 PM.png,
Screen Shot 2022-03-22 at 5.13.52 PM.png,
Screen Shot 2022-03-22 at 5.14.14 PM.png,
Screen Shot 2022-03-22 at 5.14.18 PM.png,
Screen Shot 2022-03-22 at 5.20.48 PM.png,
Screen Shot 2022-03-22 at 5.20.55 PM.png,
Screen Shot 2022-03-22 at 5.21.07 PM.png,
Screen Shot 2022-03-22 at 5.21.16 PM.png,
Screen Shot 2022-03-22 at 5.21.26 PM.png,
Screen Shot 2022-03-22 at 5.21.35 PM.png,
Screen Shot 2022-03-22 at 5.21.42 PM.png,
Screen Shot 2022-03-22 at 5.22.07 PM.png,
Screen Shot 2022-03-22 at 5.22.17 PM.png,
Screen Shot 2022-03-22 at 5.22.44 PM.png,
Screen Shot 2022-03-22 at 5.22.47 PM.png,
Screen Shot 2022-03-22 at 5.22.57 PM.png,
Screen Shot 2022-03-22 at 5.23.03 PM.png,
Screen Shot 2022-03-22 at 5.23.10 PM.png,
Screen Shot 2022-03-22 at 5.23.20 PM.png,
Screen Shot 2022-03-22 at 5.23.24 PM.png,
Screen Shot 2022-03-22 at 5.23.37 PM.png,
Screen Shot 2022-03-22 at 5.23.53 PM.png,
Screen Shot 2022-03-22 at 5.24.00 PM.png,
Screen Shot 2022-03-22 at 5.24.08 PM.png,
Screen Shot 2022-03-22 at 5.24.15 PM.png,
Screen Shot 2022-03-22 at 5.24.22 PM.png,
Screen Shot 2022-03-22 at 5.24.28 PM.png,
Screen Shot 2022-03-22 at 5.24.35 PM.png,
Screen Shot 2022-03-22 at 5.24.38 PM.png,
Screen Shot 2022-03-22 at 5.24.51 PM.png,
Screen Shot 2022-03-22 at 5.25.00 PM.png,
Screen Shot 2022-03-22 at 5.25.17 PM.png,
Screen Shot 2022-03-22 at 5.25.24 PM.png,
Screen Shot 2022-03-22 at 5.25.33 PM.png,
Screen Shot 2022-03-22 at 5.25.40 PM.png,
Screen Shot 2022-03-22 at 5.25.48 PM.png,
Screen Shot 2022-03-22 at 5.25.51 PM.png,
Screen Shot 2022-03-22 at 5.26.06 PM.png,
Screen Shot 2022-03-22 at 5.26.09 PM.png,
Screen Shot 2022-03-22 at 5.26.20 PM.png,
Screen Shot 2022-03-22 at 5.26.23 PM.png,
Screen Shot 2022-03-22 at 5.26.33 PM.png,
Screen Shot 2022-03-22 at 5.26.44 PM.png,
Screen Shot 2022-03-22 at 5.26.50 PM.png,
Screen Shot 2022-03-22 at 5.26.57 PM.png,
Screen Shot 2022-03-22 at 5.27.04 PM.png,
Screen Shot 2022-03-22 at 5.27.07 PM.png,
Screen Shot 2022-03-22 at 5.27.18 PM.png,
Screen Shot 2022-03-22 at 5.27.28 PM.png,
Screen Shot 2022-03-22 at 5.27.31 PM.png,
Screen Shot 2022-03-22 at 5.27.40 PM.png,
Screen Shot 2022-03-22 at 5.27.44 PM.png,
Screen Shot 2022-03-22 at 5.28.23 PM.png,
Screen Shot 2022-03-22 at 5.28.40 PM.png,
Screen Shot 2022-03-22 at 5.28.47 PM.png,
Screen Shot 2022-03-22 at 5.28.53 PM.png,
Screen Shot 2022-03-22 at 5.29.02 PM.png,
Screen Shot 2022-03-22 at 5.29.37 PM.png,
Screen Shot 2022-03-22 at 5.29.40 PM.png,
Screen Shot 2022-03-22 at 5.29.48 PM.png,
Screen Shot 2022-03-22 at 5.38.14 PM.png,
Screen Shot 2022-03-22 at 5.38.17 PM.png,
Screen Shot 2022-03-22 at 5.38.27 PM.png,
Screen Shot 2022-03-22 at 5.38.38 PM.png,
Screen Shot 2022-03-22 at 5.38.55 PM.png,
Screen Shot 2022-03-22 at 5.38.58 PM.png,
Screen Shot 2022-03-22 at 5.39.05 PM.png,
Screen Shot 2022-03-22 at 5.39.12 PM.png,
Screen Shot 2022-03-22 at 5.39.15 PM.png,
Screen Shot 2022-03-22 at 5.39.23 PM.png,
Screen Shot 2022-03-22 at 5.39.29 PM.png,
Screen Shot 2022-03-22 at 5.39.36 PM.png,
Screen Shot 2022-03-22 at 5.39.46 PM.png,
Screen Shot 2022-03-22 at 5.39.54 PM.png,
Screen Shot 2022-03-22 at 5.40.01 PM.png,
Screen Shot 2022-03-22 at 5.40.04 PM.png,
Screen Shot 2022-03-22 at 5.40.12 PM.png,
Screen Shot 2022-03-22 at 5.40.20 PM.png,
Screen Shot 2022-03-22 at 5.40.26 PM.png,
Screen Shot 2022-03-22 at 5.40.33 PM.png,
Screen Shot 2022-03-22 at 5.40.36 PM.png,
Screen Shot 2022-03-22 at 5.40.43 PM.png,
Screen Shot 2022-03-22 at 5.40.53 PM.png,
Screen Shot 2022-03-22 at 5.40.57 PM.png,
Screen Shot 2022-03-22 at 5.41.51 PM.png,
Screen Shot 2022-03-22 at 5.41.54 PM.png,
Screen Shot 2022-03-22 at 5.42.01 PM.png,
Screen Shot 2022-03-22 at 5.42.17 PM.png,
Screen Shot 2022-03-22 at 5.42.21 PM.png,
Screen Shot 2022-03-22 at 5.42.28 PM.png,
Screen Shot 2022-03-22 at 5.42.37 PM.png,
Screen Shot 2022-03-22 at 5.42.45 PM.png,
Screen Shot 2022-03-22 at 5.42.55 PM.png,
Screen Shot 2022-03-22 at 5.43.13 PM.png,
Screen Shot 2022-03-22 at 5.43.16 PM.png,
Screen Shot 2022-03-22 at 5.43.23 PM.png,
Screen Shot 2022-03-22 at 5.43.30 PM.png,
Screen Shot 2022-03-22 at 5.43.39 PM.png,
Screen Shot 2022-03-22 at 5.43.49 PM.png,
Screen Shot 2022-03-22 at 5.44.06 PM.png,
Screen Shot 2022-03-22 at 5.44.17 PM.png,
Screen Shot 2022-03-22 at 5.44.23 PM.png,
Screen Shot 2022-03-22 at 5.44.26 PM.png,
Screen Shot 2022-03-22 at 5.44.32 PM.png,
Screen Shot 2022-03-22 at 5.44.35 PM.png,
Screen Shot 2022-03-22 at 5.44.45 PM.png,
Screen Shot 2022-03-22 at 5.44.47 PM.png,
Screen Shot 2022-03-22 at 5.44.50 PM.png,
Screen Shot 2022-03-22 at 5.44.53 PM.png,
Screen Shot 2022-03-22 at 5.45.01 PM.png,
Screen Shot 2022-03-22 at 5.45.21 PM.png,
Screen Shot 2022-03-22 at 5.45.30 PM.png,
Screen Shot 2022-03-22 at 5.45.36 PM.png,
Screen Shot 2022-03-22 at 5.45.39 PM.png,
Screen Shot 2022-03-22 at 5.45.47 PM.png,
Screen Shot 2022-03-22 at 5.45.56 PM.png,
Screen Shot 2022-03-22 at 5.53.13 PM.png,
Screen Shot 2022-03-22 at 5.53.26 PM.png,
Screen Shot 2022-03-22 at 5.53.29 PM.png,
Screen Shot 2022-03-22 at 5.53.32 PM.png,
Screen Shot 2022-03-22 at 5.53.47 PM.png,
Screen Shot 2022-03-22 at 5.53.56 PM.png,
Screen Shot 2022-03-22 at 5.54.04 PM.png,
Screen Shot 2022-03-22 at 5.54.14 PM.png,
Screen Shot 2022-03-22 at 5.54.22 PM.png,
Screen Shot 2022-03-22 at 5.54.32 PM.png,
Screen Shot 2022-03-22 at 5.54.42 PM.png,
Screen Shot 2022-03-22 at 5.54.50 PM.png,
Screen Shot 2022-03-22 at 5.54.53 PM.png,
Screen Shot 2022-03-22 at 5.54.56 PM.png,
Screen Shot 2022-03-22 at 5.55.05 PM.png,
Screen Shot 2022-03-22 at 5.55.12 PM.png,
Screen Shot 2022-03-22 at 5.55.19 PM.png,
Screen Shot 2022-03-22 at 5.55.29 PM.png,
Screen Shot 2022-03-22 at 5.55.38 PM.png,
Screen Shot 2022-03-22 at 5.55.46 PM.png,
Screen Shot 2022-03-22 at 5.55.52 PM.png,
Screen Shot 2022-03-22 at 5.55.58 PM.png,
Screen Shot 2022-03-22 at 5.56.04 PM.png,
Screen Shot 2022-03-22 at 5.56.10 PM.png,
Screen Shot 2022-03-22 at 5.56.14 PM.png,
Screen Shot 2022-03-22 at 5.56.16 PM.png,
Screen Shot 2022-03-22 at 5.56.19 PM.png,
Screen Shot 2022-03-22 at 5.56.45 PM.png,
Screen Shot 2022-03-22 at 5.56.52 PM.png,
Screen Shot 2022-03-22 at 5.57.12 PM.png,
Screen Shot 2022-03-22 at 5.57.18 PM.png,
Screen Shot 2022-03-22 at 5.57.25 PM.png,
Screen Shot 2022-03-22 at 5.57.31 PM.png,
Screen Shot 2022-03-22 at 5.57.36 PM.png,
Screen Shot 2022-03-22 at 5.57.43 PM.png,
Screen Shot 2022-03-22 at 5.57.49 PM.png,
Screen Shot 2022-03-22 at 5.57.56 PM.png,
Screen Shot 2022-03-22 at 5.58.03 PM.png,
Screen Shot 2022-03-22 at 5.58.18 PM.png,
Screen Shot 2022-03-22 at 5.58.24 PM.png,
Screen Shot 2022-03-22 at 5.59.27 PM.png,
Screen Shot 2022-03-22 at 5.59.33 PM.png,
Screen Shot 2022-03-22 at 5.59.39 PM.png,
Screen Shot 2022-03-22 at 5.59.47 PM.png,
Screen Shot 2022-03-22 at 5.59.54 PM.png,
Screen Shot 2022-03-22 at 6.00.00 PM.png,
Screen Shot 2022-03-22 at 6.00.03 PM.png,
Screen Shot 2022-03-22 at 6.00.06 PM.png,
Screen Shot 2022-03-22 at 6.00.09 PM.png,
Screen Shot 2022-03-22 at 6.00.16 PM.png,
Screen Shot 2022-03-22 at 6.00.19 PM.png,
Screen Shot 2022-03-22 at 6.00.21 PM.png,
Screen Shot 2022-03-22 at 6.00.27 PM.png,
Screen Shot 2022-03-22 at 6.00.35 PM.png,
Screen Shot 2022-03-22 at 6.00.44 PM.png,
Screen Shot 2022-03-22 at 6.00.52 PM.png,
Screen Shot 2022-03-22 at 6.01.01 PM.png,
Screen Shot 2022-03-22 at 6.01.16 PM.png,
Screen Shot 2022-03-22 at 6.01.24 PM.png,
Screen Shot 2022-03-22 at 6.01.31 PM.png,
Screen Shot 2022-03-22 at 6.01.39 PM.png,
Screen Shot 2022-03-22 at 6.01.47 PM.png,
Screen Shot 2022-03-22 at 6.01.54 PM.png,
Screen Shot 2022-03-22 at 6.02.01 PM.png,
Screen Shot 2022-03-22 at 6.02.45 PM.png,
Screen Shot 2022-03-22 at 6.03.04 PM.png,
Screen Shot 2022-03-22 at 6.03.11 PM.png,
Screen Shot 2022-03-22 at 6.08.40 PM.png,
Screen Shot 2022-03-22 at 12.44.25 PM_cropped.jpg,
sg-12320-mask_cropped.jpg,
sgu397_lr_cropped.jpg,
shutterstock_409895107.jpg_itok=sZC1MtR6_cropped.jpg,
shutterstock_1704465010.jpg_fm=jpg&fl=progressive&w=660&h=433&fit=fill_cropped.jpg,
side-view-sick-man-wearing-medical-mask_23-2148450265_cropped.jpg,
smile-mask-kb-main-200603_cropped.jpg,
smiling-african-american-female-manager-with-arms-crossed-wearing-n95-picture-id1250183800_s=612x612_cropped.jpg,
smiling-mature-male-ceo-with-arms-crossed-wearing-n95-face-mask-picture-id1250183792_s=612x612_cropped.jpg,
sticker-1024x681_cropped.jpg,
stock-photo-a-portrait-of-an-elderly-man-wearing-a-face-mask-looking-up-while-standing-in-a-garden-mask-for-1711696120_cropped.jpg,
stock-photo-group-of-people-with-medical-mask-to-prevent-infection-from-spreading-of-covid-asian-family-1665055570_cropped.jpg,
stock-photo-group-of-young-volunteers-with-mobile-phone-coronavirus-quarantine-people-wearing-face-mask-1698812929_cropped.jpg,
storyblocks-hispanic-man-wearing-a-face-mask-looking-into-the-distance_S2IUc9jtv_thumb_cropped.jpg,
StringKing-3-Layer-Disposable-Face-Mask-Blue-Category-Image--thumbnail_cropped.jpg,
SUL%2020325_cropped.jpg,
SURGICAL-MASK-UL_cropped.jpg,
surgicalmask_cropped.jpg,
th_cropped.jpg,
the_lite_one_procedure_mask-blue-front_cropped.jpg,
the_lite_one_procedure_mask-blue-side_cropped.jpg,
unhappy-sad-person-wearing-protective-face-mask-prevent-virus-infection-pollution-unhappy-sad-person-wearing-protective-176451772_cropped.jpg,
unhappy-sad-person-wearing-protective-face-mask-prevent-virus-infection-pollution-white-isolated-background-174759436_cropped.jpg,
unido-latam_cropped.jpg,
uvmhn-staying-healthy-coronavirus-man-wearing-mask_cropped.jpg,
wearing-mask-0925201_cropped.jpg,
woman-face-mask-fog-glasses_cropped.jpg,
woman-face-mask-headache-pain-tired-sad_cropped.jpg,
woman-face-mask-portrait.jpg_fit=1200%2C800&ssl=1_cropped.jpg,
Woman+wearing+a+mask_hero_cropped.jpg,
worried-young-man-in-medical-mask-0307221_cropped.jpg,
young-black-man-wearing-a-face-mask-while-hiking-picture-id1257233857_b=1&k=20&m=1257233857&s=170667a&w=0&h=Y99wUgngdC_AXAxHy1DqLzznoyVgHy-r9bMrBokUjMI=_cropped.jpg,
young-man-backpacker-wearing-medical-260nw-1846504846_cropped.jpg,
young-man-wearing-face-mask-600w-1760342876_cropped.jpg,
young-man-wearing-protective-mask-260nw-71202163_cropped.jpg,
Z0oxGxncpyx__cropped.jpg,
Z0oxGymcpyx__cropped.jpg,
Z09B2vfo5oy_cropped.jpg